Total_time: 126.23062181472778
Total_time: 101.32091069221497
